[
    [
        [
            0, 
            0, 
            0
        ], 
        [
            [
                0.0339095744680851, 
                0.014960106382978724, 
                0.022938829787234043, 
                0.02992021276595745
            ], 
            [
                0.014960106382978724, 
                0.041223404255319146, 
                0.06216755319148936, 
                0.059175531914893616
            ], 
            [
                0.022938829787234043, 
                0.06216755319148936, 
                0.09840425531914894, 
                0.12300531914893617
            ], 
            [
                0.02992021276595745, 
                0.059175531914893616, 
                0.12300531914893617, 
                0.20212765957446807
            ]
        ]
    ], 
    [
        [
            0, 
            0, 
            1
        ], 
        [
            [
                0.010638297872340425, 
                0.010305851063829786, 
                0.011303191489361703, 
                0.008976063829787235
            ], 
            [
                0.010305851063829786, 
                0.0199468085106383, 
                0.0442154255319149, 
                0.047872340425531915
            ], 
            [
                0.011303191489361703, 
                0.0442154255319149, 
                0.12300531914893617, 
                0.14594414893617022
            ], 
            [
                0.008976063829787235, 
                0.047872340425531915, 
                0.14594414893617022, 
                0.3091755319148936
            ]
        ]
    ], 
    [
        [
            0, 
            1, 
            0
        ], 
        [
            [
                0.008259587020648967, 
                0.002064896755162242, 
                0.005014749262536873, 
                0.00471976401179941
            ], 
            [
                0.002064896755162242, 
                0.015339233038348082, 
                0.030973451327433628, 
                0.025958702064896755
            ], 
            [
                0.005014749262536873, 
                0.030973451327433628, 
                0.20471976401179942, 
                0.15339233038348082
            ], 
            [
                0.00471976401179941, 
                0.025958702064896755, 
                0.15339233038348082, 
                0.3274336283185841
            ]
        ]
    ], 
    [
        [
            0, 
            1, 
            1
        ], 
        [
            [
                0.008849557522123894, 
                0.002359882005899705, 
                0.00471976401179941, 
                0.0035398230088495575
            ], 
            [
                0.002359882005899705, 
                0.010619469026548672, 
                0.027728613569321534, 
                0.023008849557522124
            ], 
            [
                0.00471976401179941, 
                0.027728613569321534, 
                0.1752212389380531, 
                0.168141592920354
            ], 
            [
                0.0035398230088495575, 
                0.023008849557522124, 
                0.168141592920354, 
                0.3463126843657817
            ]
        ]
    ], 
    [
        [
            0, 
            1, 
            2
        ], 
        [
            [
                0.006489675516224189, 
                0.002654867256637168, 
                0.005309734513274336, 
                0.0038348082595870206
            ], 
            [
                0.002654867256637168, 
                0.02182890855457227, 
                0.04041297935103245, 
                0.03185840707964602
            ], 
            [
                0.005309734513274336, 
                0.04041297935103245, 
                0.17168141592920355, 
                0.1495575221238938
            ], 
            [
                0.0038348082595870206, 
                0.03185840707964602, 
                0.1495575221238938, 
                0.3327433628318584
            ]
        ]
    ], 
    [
        [
            0, 
            1, 
            3
        ], 
        [
            [
                0.006489675516224189, 
                0.0017699115044247787, 
                0.006194690265486726, 
                0.0038348082595870206
            ], 
            [
                0.0017699115044247787, 
                0.006489675516224189, 
                0.02566371681415929, 
                0.020353982300884955
            ], 
            [
                0.006194690265486726, 
                0.02566371681415929, 
                0.19705014749262537, 
                0.14454277286135694
            ], 
            [
                0.0038348082595870206, 
                0.020353982300884955, 
                0.14454277286135694, 
                0.3852507374631268
            ]
        ]
    ], 
    [
        [
            0, 
            2, 
            0
        ], 
        [
            [
                0.0064516129032258064, 
                0.0024193548387096775, 
                0.00510752688172043, 
                0.005913978494623656
            ], 
            [
                0.0024193548387096775, 
                0.021505376344086023, 
                0.04704301075268817, 
                0.03494623655913978
            ], 
            [
                0.00510752688172043, 
                0.04704301075268817, 
                0.16129032258064516, 
                0.1489247311827957
            ], 
            [
                0.005913978494623656, 
                0.03494623655913978, 
                0.1489247311827957, 
                0.32204301075268815
            ]
        ]
    ], 
    [
        [
            0, 
            2, 
            1
        ], 
        [
            [
                0.006989247311827957, 
                0.002956989247311828, 
                0.005913978494623656, 
                0.006182795698924731
            ], 
            [
                0.002956989247311828, 
                0.02903225806451613, 
                0.06290322580645161, 
                0.04758064516129032
            ], 
            [
                0.005913978494623656, 
                0.06290322580645161, 
                0.13763440860215054, 
                0.1435483870967742
            ], 
            [
                0.006182795698924731, 
                0.04758064516129032, 
                0.1435483870967742, 
                0.28817204301075267
            ]
        ]
    ], 
    [
        [
            0, 
            2, 
            2
        ], 
        [
            [
                0.01129032258064516, 
                0.015860215053763442, 
                0.012903225806451613, 
                0.011559139784946236
            ], 
            [
                0.015860215053763442, 
                0.06451612903225806, 
                0.08010752688172043, 
                0.05725806451612903
            ], 
            [
                0.012903225806451613, 
                0.08010752688172043, 
                0.11935483870967742, 
                0.10967741935483871
            ], 
            [
                0.011559139784946236, 
                0.05725806451612903, 
                0.10967741935483871, 
                0.23010752688172043
            ]
        ]
    ], 
    [
        [
            0, 
            2, 
            3
        ], 
        [
            [
                0.005376344086021506, 
                0.004301075268817204, 
                0.008064516129032258, 
                0.007526881720430108
            ], 
            [
                0.004301075268817204, 
                0.021505376344086023, 
                0.03763440860215054, 
                0.03225806451612903
            ], 
            [
                0.008064516129032258, 
                0.03763440860215054, 
                0.1532258064516129, 
                0.14139784946236558
            ], 
            [
                0.007526881720430108, 
                0.03225806451612903, 
                0.14139784946236558, 
                0.3575268817204301
            ]
        ]
    ], 
    [
        [
            0, 
            3, 
            0
        ], 
        [
            [
                0.014084507042253521, 
                0.02535211267605634, 
                0.02535211267605634, 
                0.005633802816901409
            ], 
            [
                0.02535211267605634, 
                0.0676056338028169, 
                0.10985915492957747, 
                0.03943661971830986
            ], 
            [
                0.02535211267605634, 
                0.10985915492957747, 
                0.22253521126760564, 
                0.08732394366197183
            ], 
            [
                0.005633802816901409, 
                0.03943661971830986, 
                0.08732394366197183, 
                0.10985915492957747
            ]
        ]
    ], 
    [
        [
            0, 
            3, 
            1
        ], 
        [
            [
                0.016901408450704224, 
                0.009859154929577466, 
                0.01267605633802817, 
                0.005633802816901409
            ], 
            [
                0.009859154929577466, 
                0.05352112676056338, 
                0.07323943661971831, 
                0.035211267605633804
            ], 
            [
                0.01267605633802817, 
                0.07323943661971831, 
                0.2676056338028169, 
                0.12253521126760564
            ], 
            [
                0.005633802816901409, 
                0.035211267605633804, 
                0.12253521126760564, 
                0.14366197183098592
            ]
        ]
    ], 
    [
        [
            0, 
            3, 
            2
        ], 
        [
            [
                0.01971830985915493, 
                0.022535211267605635, 
                0.011267605633802818, 
                0.008450704225352112
            ], 
            [
                0.022535211267605635, 
                0.059154929577464786, 
                0.13661971830985917, 
                0.06338028169014084
            ], 
            [
                0.011267605633802818, 
                0.13661971830985917, 
                0.18591549295774648, 
                0.08309859154929577
            ], 
            [
                0.008450704225352112, 
                0.06338028169014084, 
                0.08309859154929577, 
                0.08450704225352113
            ]
        ]
    ], 
    [
        [
            0, 
            3, 
            3
        ], 
        [
            [
                0.036619718309859155, 
                0.0028169014084507044, 
                0.036619718309859155
            ], 
            [
                0.0028169014084507044, 
                0.008450704225352112, 
                0.030985915492957747
            ], 
            [
                0.036619718309859155, 
                0.030985915492957747, 
                0.8140845070422535
            ]
        ]
    ], 
    [
        [
            0, 
            4, 
            0
        ], 
        [
            [
                0.009905894006934125, 
                0.00396235760277365, 
                0.004210004952947003, 
                0.0032194155522535907
            ], 
            [
                0.00396235760277365, 
                0.020802377414561663, 
                0.04457652303120357, 
                0.030212976721149084
            ], 
            [
                0.004210004952947003, 
                0.04457652303120357, 
                0.18623080733036157, 
                0.14338781575037146
            ], 
            [
                0.0032194155522535907, 
                0.030212976721149084, 
                0.14338781575037146, 
                0.32392273402674593
            ]
        ]
    ], 
    [
        [
            0, 
            4, 
            1
        ], 
        [
            [
                0.011391778107974244, 
                0.0027241208519068845, 
                0.006686478454680535, 
                0.004952947003467063
            ], 
            [
                0.0027241208519068845, 
                0.009905894006934125, 
                0.04086181277860327, 
                0.03318474492322932
            ], 
            [
                0.006686478454680535, 
                0.04086181277860327, 
                0.1892025755324418, 
                0.1515601783060921
            ], 
            [
                0.004952947003467063, 
                0.03318474492322932, 
                0.1515601783060921, 
                0.30955918771669144
            ]
        ]
    ], 
    [
        [
            0, 
            4, 
            2
        ], 
        [
            [
                0.005943536404160475, 
                0.009658246656760773, 
                0.010401188707280832, 
                0.005695889053987122
            ], 
            [
                0.009658246656760773, 
                0.04804358593363051, 
                0.07305596830113918, 
                0.06042595344229817
            ], 
            [
                0.010401188707280832, 
                0.07305596830113918, 
                0.1579990094105993, 
                0.1300148588410104
            ], 
            [
                0.005695889053987122, 
                0.06042595344229817, 
                0.1300148588410104, 
                0.20950965824665677
            ]
        ]
    ], 
    [
        [
            0, 
            4, 
            3
        ], 
        [
            [
                0.016840019811788013, 
                0.009410599306587419, 
                0.009905894006934125, 
                0.013868251609707775
            ], 
            [
                0.009410599306587419, 
                0.025755324418028726, 
                0.04804358593363051, 
                0.04606240713224369
            ], 
            [
                0.009905894006934125, 
                0.04804358593363051, 
                0.15403665180782566, 
                0.14016840019811788
            ], 
            [
                0.013868251609707775, 
                0.04606240713224369, 
                0.14016840019811788, 
                0.2684497275879148
            ]
        ]
    ], 
    [
        [
            1, 
            5, 
            0
        ], 
        [
            [
                0.01639344262295082, 
                0.006147540983606557, 
                0.006147540983606557
            ], 
            [
                0.006147540983606557, 
                0.030737704918032786, 
                0.11065573770491803
            ], 
            [
                0.006147540983606557, 
                0.11065573770491803, 
                0.7069672131147541
            ]
        ]
    ], 
    [
        [
            1, 
            5, 
            1
        ], 
        [
            [
                0.01639344262295082, 
                0.004098360655737705, 
                0.0020491803278688526, 
                0.004098360655737705
            ], 
            [
                0.004098360655737705, 
                0.01639344262295082, 
                0.02459016393442623, 
                0.03483606557377049
            ], 
            [
                0.0020491803278688526, 
                0.02459016393442623, 
                0.08401639344262295, 
                0.16188524590163936
            ], 
            [
                0.004098360655737705, 
                0.03483606557377049, 
                0.16188524590163936, 
                0.42008196721311475
            ]
        ]
    ], 
    [
        [
            1, 
            5, 
            2
        ], 
        [
            [
                0.01639344262295082, 
                0.004098360655737705, 
                0.00819672131147541
            ], 
            [
                0.004098360655737705, 
                0.07377049180327869, 
                0.13934426229508196
            ], 
            [
                0.00819672131147541, 
                0.13934426229508196, 
                0.6065573770491803
            ]
        ]
    ], 
    [
        [
            1, 
            5, 
            3
        ], 
        [
            [
                0.05327868852459016, 
                0.02663934426229508
            ], 
            [
                0.02663934426229508, 
                0.8934426229508197
            ]
        ]
    ], 
    [
        [
            1, 
            5, 
            4
        ], 
        [
            [
                0.012295081967213115, 
                0.010245901639344262, 
                0.006147540983606557
            ], 
            [
                0.010245901639344262, 
                0.05327868852459016, 
                0.08811475409836066
            ], 
            [
                0.006147540983606557, 
                0.08811475409836066, 
                0.7254098360655737
            ]
        ]
    ], 
    [
        [
            1, 
            6, 
            0
        ], 
        [
            [
                0.03494176372712146, 
                0.0066555740432612314, 
                0.0033277870216306157
            ], 
            [
                0.0066555740432612314, 
                0.10981697171381032, 
                0.11813643926788686
            ], 
            [
                0.0033277870216306157, 
                0.11813643926788686, 
                0.5990016638935108
            ]
        ]
    ], 
    [
        [
            1, 
            6, 
            1
        ], 
        [
            [
                0.07487520798668885, 
                0.02329450915141431
            ], 
            [
                0.02329450915141431, 
                0.8785357737104825
            ]
        ]
    ], 
    [
        [
            1, 
            6, 
            2
        ], 
        [
            [
                0.048252911813643926, 
                0.004991680532445923, 
                0.008319467554076539
            ], 
            [
                0.004991680532445923, 
                0.064891846921797, 
                0.13477537437603992
            ], 
            [
                0.008319467554076539, 
                0.13477537437603992, 
                0.5906821963394343
            ]
        ]
    ], 
    [
        [
            1, 
            6, 
            3
        ], 
        [
            [
                0.028286189683860232, 
                0.0066555740432612314, 
                0.004159733777038269, 
                0.004159733777038269
            ], 
            [
                0.0066555740432612314, 
                0.033277870216306155, 
                0.03577371048252912, 
                0.0324459234608985
            ], 
            [
                0.004159733777038269, 
                0.03577371048252912, 
                0.11813643926788686, 
                0.16805324459234608
            ], 
            [
                0.004159733777038269, 
                0.0324459234608985, 
                0.16805324459234608, 
                0.3178036605657238
            ]
        ]
    ], 
    [
        [
            1, 
            6, 
            4
        ], 
        [
            [
                0.028286189683860232, 
                0.010815307820299502, 
                0.012479201331114808
            ], 
            [
                0.010815307820299502, 
                0.08485856905158069, 
                0.14392678868552414
            ], 
            [
                0.012479201331114808, 
                0.14392678868552414, 
                0.5524126455906821
            ]
        ]
    ], 
    [
        [
            1, 
            7, 
            0
        ], 
        [
            [
                0.09693372898120672, 
                0.06923837784371908
            ], 
            [
                0.06923837784371908, 
                0.7645895153313551
            ]
        ]
    ], 
    [
        [
            1, 
            7, 
            1
        ], 
        [
            [
                0.03066271018793274, 
                0.005934718100890208, 
                0.010880316518298714, 
                0.005934718100890208
            ], 
            [
                0.005934718100890208, 
                0.05539070227497527, 
                0.04945598417408507, 
                0.04846686449060336
            ], 
            [
                0.010880316518298714, 
                0.04945598417408507, 
                0.18595450049455983, 
                0.1533135509396637
            ], 
            [
                0.005934718100890208, 
                0.04846686449060336, 
                0.1533135509396637, 
                0.18001978239366964
            ]
        ]
    ], 
    [
        [
            1, 
            7, 
            2
        ], 
        [
            [
                0.033630069238377844, 
                0.011869436201780416, 
                0.012858555885262116
            ], 
            [
                0.011869436201780416, 
                0.09693372898120672, 
                0.1503461918892186
            ], 
            [
                0.012858555885262116, 
                0.1503461918892186, 
                0.5192878338278932
            ]
        ]
    ], 
    [
        [
            1, 
            8, 
            0
        ], 
        [
            [
                0.10822510822510822, 
                0.08441558441558442
            ], 
            [
                0.08441558441558442, 
                0.7229437229437229
            ]
        ]
    ], 
    [
        [
            1, 
            8, 
            1
        ], 
        [
            [
                0.030303030303030304, 
                0.010822510822510822, 
                0.012987012987012988, 
                0.021645021645021644
            ], 
            [
                0.010822510822510822, 
                0.045454545454545456, 
                0.04220779220779221, 
                0.046536796536796536
            ], 
            [
                0.012987012987012988, 
                0.04220779220779221, 
                0.09090909090909091, 
                0.1590909090909091
            ], 
            [
                0.021645021645021644, 
                0.046536796536796536, 
                0.1590909090909091, 
                0.24675324675324675
            ]
        ]
    ], 
    [
        [
            1, 
            8, 
            2
        ], 
        [
            [
                0.047619047619047616, 
                0.015151515151515152, 
                0.023809523809523808
            ], 
            [
                0.015151515151515152, 
                0.05627705627705628, 
                0.1038961038961039
            ], 
            [
                0.023809523809523808, 
                0.1038961038961039, 
                0.6103896103896104
            ]
        ]
    ], 
    [
        [
            1, 
            9, 
            0
        ], 
        [
            [
                0.18523002421307505, 
                0.0950363196125908
            ], 
            [
                0.0950363196125908, 
                0.6246973365617433
            ]
        ]
    ], 
    [
        [
            1, 
            9, 
            1
        ], 
        [
            [
                0.05811138014527845, 
                0.021791767554479417, 
                0.00847457627118644, 
                0.012711864406779662
            ], 
            [
                0.021791767554479417, 
                0.06234866828087167, 
                0.07294188861985472, 
                0.04993946731234867
            ], 
            [
                0.00847457627118644, 
                0.07294188861985472, 
                0.12227602905569007, 
                0.13286924939467312
            ], 
            [
                0.012711864406779662, 
                0.04993946731234867, 
                0.13286924939467312, 
                0.15980629539951574
            ]
        ]
    ], 
    [
        [
            1, 
            9, 
            2
        ], 
        [
            [
                0.05508474576271186, 
                0.023002421307506054, 
                0.02784503631961259
            ], 
            [
                0.023002421307506054, 
                0.07808716707021791, 
                0.13075060532687652
            ], 
            [
                0.02784503631961259, 
                0.13075060532687652, 
                0.5036319612590799
            ]
        ]
    ], 
    [
        [
            1, 
            10, 
            0
        ], 
        [
            [
                0.0953125, 
                0.071875
            ], 
            [
                0.071875, 
                0.7609375
            ]
        ]
    ], 
    [
        [
            1, 
            10, 
            1
        ], 
        [
            [
                0.040625, 
                0.009375, 
                0.00546875, 
                0.01015625
            ], 
            [
                0.009375, 
                0.04375, 
                0.03984375, 
                0.04609375
            ], 
            [
                0.00546875, 
                0.03984375, 
                0.18125, 
                0.1515625
            ], 
            [
                0.01015625, 
                0.04609375, 
                0.1515625, 
                0.209375
            ]
        ]
    ], 
    [
        [
            1, 
            10, 
            2
        ], 
        [
            [
                0.04375, 
                0.01328125, 
                0.01953125
            ], 
            [
                0.01328125, 
                0.0640625, 
                0.11953125
            ], 
            [
                0.01953125, 
                0.11953125, 
                0.5875
            ]
        ]
    ], 
    [
        [
            1, 
            11, 
            0
        ], 
        [
            [
                0.08060453400503778, 
                0.06926952141057935
            ], 
            [
                0.06926952141057935, 
                0.7808564231738035
            ]
        ]
    ], 
    [
        [
            1, 
            11, 
            1
        ], 
        [
            [
                0.041561712846347604, 
                0.0069269521410579345, 
                0.010075566750629723, 
                0.01322418136020151
            ], 
            [
                0.0069269521410579345, 
                0.03400503778337532, 
                0.060453400503778336, 
                0.045969773299748114
            ], 
            [
                0.010075566750629723, 
                0.060453400503778336, 
                0.10579345088161209, 
                0.16876574307304787
            ], 
            [
                0.01322418136020151, 
                0.045969773299748114, 
                0.16876574307304787, 
                0.20780856423173805
            ]
        ]
    ], 
    [
        [
            1, 
            11, 
            2
        ], 
        [
            [
                0.031486146095717885, 
                0.014483627204030227, 
                0.018261964735516372
            ], 
            [
                0.014483627204030227, 
                0.0743073047858942, 
                0.1442065491183879
            ], 
            [
                0.018261964735516372, 
                0.1442065491183879, 
                0.5403022670025189
            ]
        ]
    ], 
    [
        [
            2, 
            12, 
            0
        ], 
        [
            [
                0.06209150326797386, 
                0.008169934640522876, 
                0.0, 
                0.006535947712418301, 
                0.0032679738562091504, 
                0.027777777777777776
            ], 
            [
                0.008169934640522876, 
                0.0, 
                0.0, 
                0.0, 
                0.0, 
                0.0016339869281045752
            ], 
            [
                0.0, 
                0.0, 
                0.0032679738562091504, 
                0.0, 
                0.0016339869281045752, 
                0.021241830065359478
            ], 
            [
                0.006535947712418301, 
                0.0, 
                0.0, 
                0.0, 
                0.0016339869281045752, 
                0.011437908496732025
            ], 
            [
                0.0032679738562091504, 
                0.0, 
                0.0016339869281045752, 
                0.0016339869281045752, 
                0.029411764705882353, 
                0.058823529411764705
            ], 
            [
                0.027777777777777776, 
                0.0016339869281045752, 
                0.021241830065359478, 
                0.011437908496732025, 
                0.058823529411764705, 
                0.6209150326797386
            ]
        ]
    ], 
    [
        [
            2, 
            12, 
            1
        ], 
        [
            [
                0.06209150326797386, 
                0.008169934640522876, 
                0.0, 
                0.0032679738562091504, 
                0.0032679738562091504, 
                0.024509803921568627
            ], 
            [
                0.008169934640522876, 
                0.0032679738562091504, 
                0.006535947712418301, 
                0.0, 
                0.0, 
                0.011437908496732025
            ], 
            [
                0.0, 
                0.006535947712418301, 
                0.006535947712418301, 
                0.0032679738562091504, 
                0.0016339869281045752, 
                0.014705882352941176
            ], 
            [
                0.0032679738562091504, 
                0.0, 
                0.0032679738562091504, 
                0.0, 
                0.004901960784313725, 
                0.011437908496732025
            ], 
            [
                0.0032679738562091504, 
                0.0, 
                0.0016339869281045752, 
                0.004901960784313725, 
                0.02287581699346405, 
                0.06209150326797386
            ], 
            [
                0.024509803921568627, 
                0.011437908496732025, 
                0.014705882352941176, 
                0.011437908496732025, 
                0.06209150326797386, 
                0.5947712418300654
            ]
        ]
    ], 
    [
        [
            2, 
            12, 
            2
        ], 
        [
            [
                0.06209150326797386, 
                0.004901960784313725, 
                0.006535947712418301, 
                0.0032679738562091504, 
                0.0, 
                0.021241830065359478
            ], 
            [
                0.004901960784313725, 
                0.0032679738562091504, 
                0.0032679738562091504, 
                0.0016339869281045752, 
                0.0016339869281045752, 
                0.011437908496732025
            ], 
            [
                0.006535947712418301, 
                0.0032679738562091504, 
                0.0, 
                0.0, 
                0.0032679738562091504, 
                0.013071895424836602
            ], 
            [
                0.0032679738562091504, 
                0.0016339869281045752, 
                0.0, 
                0.0, 
                0.0032679738562091504, 
                0.017973856209150325
            ], 
            [
                0.0, 
                0.0016339869281045752, 
                0.0032679738562091504, 
                0.0032679738562091504, 
                0.03594771241830065, 
                0.06045751633986928
            ], 
            [
                0.021241830065359478, 
                0.011437908496732025, 
                0.013071895424836602, 
                0.017973856209150325, 
                0.06045751633986928, 
                0.5947712418300654
            ]
        ]
    ], 
    [
        [
            2, 
            12, 
            3
        ], 
        [
            [
                0.06209150326797386, 
                0.008169934640522876, 
                0.0032679738562091504, 
                0.0032679738562091504, 
                0.0016339869281045752, 
                0.026143790849673203
            ], 
            [
                0.008169934640522876, 
                0.0, 
                0.0, 
                0.0, 
                0.0, 
                0.0016339869281045752
            ], 
            [
                0.0032679738562091504, 
                0.0, 
                0.0, 
                0.0016339869281045752, 
                0.0, 
                0.021241830065359478
            ], 
            [
                0.0032679738562091504, 
                0.0, 
                0.0016339869281045752, 
                0.013071895424836602, 
                0.0, 
                0.017973856209150325
            ], 
            [
                0.0016339869281045752, 
                0.0, 
                0.0, 
                0.0, 
                0.0196078431372549, 
                0.06699346405228758
            ], 
            [
                0.026143790849673203, 
                0.0016339869281045752, 
                0.021241830065359478, 
                0.017973856209150325, 
                0.06699346405228758, 
                0.6013071895424836
            ]
        ]
    ], 
    [
        [
            2, 
            13, 
            0
        ], 
        [
            [
                0.10142630744849446, 
                0.01386687797147385, 
                0.014263074484944533, 
                0.013074484944532488, 
                0.02377179080824089
            ], 
            [
                0.01386687797147385, 
                0.006339144215530904, 
                0.006339144215530904, 
                0.012678288431061807, 
                0.013074484944532488
            ], 
            [
                0.014263074484944533, 
                0.006339144215530904, 
                0.010301109350237718, 
                0.022187004754358162, 
                0.02694136291600634
            ], 
            [
                0.013074484944532488, 
                0.012678288431061807, 
                0.022187004754358162, 
                0.08478605388272584, 
                0.11608557844690967
            ], 
            [
                0.02377179080824089, 
                0.013074484944532488, 
                0.02694136291600634, 
                0.11608557844690967, 
                0.27258320126782887
            ]
        ]
    ], 
    [
        [
            2, 
            13, 
            1
        ], 
        [
            [
                0.08240887480190175, 
                0.01584786053882726, 
                0.020998415213946117, 
                0.028922345483359747
            ], 
            [
                0.01584786053882726, 
                0.010301109350237718, 
                0.020998415213946117, 
                0.04635499207606973
            ], 
            [
                0.020998415213946117, 
                0.020998415213946117, 
                0.03724247226624406, 
                0.10142630744849446
            ], 
            [
                0.028922345483359747, 
                0.04635499207606973, 
                0.10142630744849446, 
                0.4009508716323296
            ]
        ]
    ], 
    [
        [
            2, 
            13, 
            2
        ], 
        [
            [
                0.12361331220285261, 
                0.022979397781299524, 
                0.026545166402535656, 
                0.036846275752773376
            ], 
            [
                0.022979397781299524, 
                0.021394611727416798, 
                0.026148969889064975, 
                0.03486529318541997
            ], 
            [
                0.026545166402535656, 
                0.026148969889064975, 
                0.06497622820919176, 
                0.11133122028526149
            ], 
            [
                0.036846275752773376, 
                0.03486529318541997, 
                0.11133122028526149, 
                0.27258320126782887
            ]
        ]
    ], 
    [
        [
            2, 
            13, 
            3
        ], 
        [
            [
                0.07290015847860538, 
                0.005546751188589541, 
                0.004754358161648178, 
                0.012282091917591125, 
                0.011489698890649762
            ], 
            [
                0.005546751188589541, 
                0.029318541996830427, 
                0.03169572107765452, 
                0.025752773375594295, 
                0.032091917591125195
            ], 
            [
                0.004754358161648178, 
                0.03169572107765452, 
                0.03407290015847861, 
                0.047939778129952454, 
                0.04001584786053883
            ], 
            [
                0.012282091917591125, 
                0.025752773375594295, 
                0.047939778129952454, 
                0.08557844690966719, 
                0.08597464342313788
            ], 
            [
                0.011489698890649762, 
                0.032091917591125195, 
                0.04001584786053883, 
                0.08597464342313788, 
                0.18304278922345482
            ]
        ]
    ], 
    [
        [
            2, 
            13, 
            4
        ], 
        [
            [
                0.06259904912836767, 
                0.02456418383518225, 
                0.020602218700475437, 
                0.01901743264659271
            ], 
            [
                0.02456418383518225, 
                0.02694136291600634, 
                0.051901743264659274, 
                0.03922345483359747
            ], 
            [
                0.020602218700475437, 
                0.051901743264659274, 
                0.12440570522979398, 
                0.13114104595879555
            ], 
            [
                0.01901743264659271, 
                0.03922345483359747, 
                0.13114104595879555, 
                0.21315372424722662
            ]
        ]
    ], 
    [
        [
            2, 
            13, 
            5
        ], 
        [
            [
                0.03565768621236133, 
                0.011885895404120444, 
                0.011489698890649762, 
                0.014659270998415214
            ], 
            [
                0.011885895404120444, 
                0.030903328050713153, 
                0.036846275752773376, 
                0.053486529318541996
            ], 
            [
                0.011489698890649762, 
                0.036846275752773376, 
                0.06497622820919176, 
                0.10855784469096671
            ], 
            [
                0.014659270998415214, 
                0.053486529318541996, 
                0.10855784469096671, 
                0.39461172741679873
            ]
        ]
    ], 
    [
        [
            2, 
            13, 
            6
        ], 
        [
            [
                0.03803486529318542, 
